# Simple-geometry events — sorted by max phi-plane deviation (smallest = most aligned)
# File: /users/bp969/scratch/VIKING_FOLDER/SIMULATION_RESULTS/T1-280_T2-290_T3-680_T4-690_P1-255_P2-270_F1-300_F2-310_E1-700/T1-280_T2-290_T3-680_T4-690_P1-255_P2-270_F1-300_F2-310_E1-700_1.root   phi_tol = 10.000 deg
# Plane: XZ = phi~0/180 (tracks in XZ plane), YZ = phi~+-90 (tracks in YZ plane)
# Pass event number to KLong_visualize_event.C for a diagram or print_event_detail breakdown.
#
#    event  p_true  p_reco delta_p    phi+    phi-  theta+  theta-  max_dev  plane    vtx_z
# -----------------------------------------------------------------------------------------------
      8134   2.409   2.323  -0.086 -81.340 178.721   5.638   3.708    8.660  MIXED  151.789  *
     93972   1.863   2.063   0.200 102.386 -75.467   5.842  13.986   14.533     YZ  187.043
     82734   1.418   1.410  -0.008 105.771 162.518   3.645   7.862   17.482  MIXED  189.157
     29075   2.131   2.057  -0.074-164.813  19.145   3.554   8.815   19.145     XZ  184.702
     89677   6.747   3.808  -2.939-172.386  19.440   3.545   1.140   19.440     XZ   84.795
     46480   8.616   2.568  -6.048-159.465  -9.172   3.082   2.115   20.535     XZ   43.566
      4748   5.892   5.037  -0.855-167.882 -20.932   3.842   1.963   20.932     XZ  173.274
     56808   5.983   5.339  -0.643 158.348-105.159   1.260   4.910   21.652  MIXED   80.477
     86056   2.711   2.720   0.009 -83.927  22.430   6.499   4.105   22.430  MIXED  140.293
     29012   1.544   1.501  -0.043 -22.433 -19.227   6.168   7.355   22.433     XZ  160.434
     62160   2.823   2.591  -0.232  -5.374-157.424   3.822   4.007   22.576     XZ  127.848
     83105   4.336   4.318  -0.018 -68.147 116.677   3.548   4.161   26.677     YZ  201.434
     40587   5.267   2.522  -2.745 153.099 -25.692   1.285   1.726   26.901     XZ   45.525
     25655   4.477   3.573  -0.904  27.453-173.678   1.870   4.870   27.453     XZ  126.624
     68897   4.851   4.517  -0.335 118.098 -13.029   6.489   3.364   28.098  MIXED   87.152
     60074   2.079   2.135   0.057-101.784  61.321   5.339  11.737   28.679     YZ  165.669
     75203   9.331   4.209  -5.122 151.110  -2.041   1.749   1.600   28.890     XZ  101.657
     84431   9.068   3.732  -5.336-150.370  27.786   2.406   1.168   29.630     XZ   79.334
     63268   5.508   3.157  -2.351  60.091-109.126   1.667   3.001   29.909     YZ   51.084
     69399   6.390   3.008  -3.382-174.102  59.683   2.831   1.098   30.317  MIXED   78.340
     91063   8.396   2.783  -5.614  22.906  58.996   0.885   1.772   31.004  MIXED   51.186
     11467   2.065   2.036  -0.028 -30.438  58.205   6.772   1.237   31.795  MIXED  114.120
     31858   3.596   3.284  -0.312 147.968  -7.143   3.663   4.297   32.032     XZ  135.332
     87738   8.760   3.176  -5.584  58.261 -57.512   1.548   1.906   32.488     YZ   65.712
      5090   1.509   1.478  -0.031-122.576  -5.426   6.696   9.582   32.576  MIXED  184.196
     34255   4.395   8.774   4.379  20.338-125.439   0.518   2.449   35.439  MIXED  268.009
     81678   3.927   3.680  -0.247 118.038-125.579   3.184   3.748   35.579     YZ  153.122
     35194   3.649   3.404  -0.245 101.877-125.918   3.610   3.138   35.918     YZ  155.596
     23260   7.321   5.029  -2.291 147.060 -37.765   2.429   2.187   37.765     XZ  146.553
     92273   2.003   2.113   0.110  56.795 141.525   1.974   7.608   38.475  MIXED  117.213
     91660   3.529   3.169  -0.361 141.518 -19.205   4.318   5.188   38.482     XZ  177.636
     11985   1.569   1.609   0.040 129.072 -53.659  14.432  10.219   39.072     YZ  223.499
     19041   4.670   3.426  -1.244-153.933  50.769   4.045   4.845   39.231  MIXED   84.667
     67153   2.852   2.541  -0.311  -1.858-130.096   4.746   2.733   40.096  MIXED  108.832
     37459   6.558   5.248  -1.310 122.917 -42.226   1.872   2.673   42.226  MIXED  175.476
     91652   5.004   3.631  -1.372  35.931-132.998   4.558   2.854   42.998  MIXED  105.304
     16178   1.722   1.733   0.011   9.514-136.479   5.369   9.735   43.521     XZ  187.780
